rc_1_1_on:  1, 0, 2, 2, 1, 2, 2, 2, 3, 2, 2, 1, 2, 3, 1, 2, 3, 1, 2, 2, 3, 1, 3, 1, 2, 2, 2, 3, 2, 1, 3, 2, 2, 2, 1
rc_1_1_off: 1, 0, 2, 2, 1, 2, 2, 2, 3, 2, 2, 1, 2, 3, 1, 2, 3, 1, 2, 2, 3, 1, 3, 1, 2, 2, 2, 3, 2, 2, 2, 2, 2, 2, 1  
rc_1_2_on:  1, 0, 2, 2, 1, 2, 2, 2, 3, 2, 2, 1, 2, 3, 1, 2, 3, 1, 2, 2, 3, 1, 3, 1, 2, 2, 2, 3, 2, 1, 3, 2, 2, 1, 2
rc_1_2_off: 1, 0, 2, 2, 1, 2, 2, 2, 3, 2, 2, 1, 2, 3, 1, 2, 3, 1, 2, 2, 3, 1, 3, 1, 2, 2, 2, 3, 2, 2, 2, 2, 2, 1, 2
rc_1_3_on:  1, 0, 2, 2, 1, 2, 2, 2, 3, 2, 2, 1, 2, 3, 1, 2, 3, 1, 2, 2, 3, 1, 3, 1, 2, 2, 2, 3, 2, 1, 3, 2, 1, 3, 1
rc_1_3_off: 1, 0, 2, 2, 1, 2, 2, 2, 3, 2, 2, 1, 2, 3, 1, 2, 3, 1, 2, 2, 3, 1, 3, 1, 2, 2, 2, 3, 2, 2, 2, 2, 1, 3, 1
rc_1_0_off: 1, 0, 2, 2, 1, 2, 2, 2, 3, 2, 2, 1, 2, 3, 1, 2, 3, 1, 2, 2, 3, 1, 3, 1, 2, 2, 2, 3, 1, 3, 2, 2, 2, 2, 1

rc_2_1_on:  1, 0, 2, 2, 1, 2, 2, 3, 2, 1, 3, 1, 2, 3, 1, 3, 2, 2, 2, 2, 1, 2, 2, 2, 3, 2, 1, 3, 2, 1, 3, 2, 2, 2, 1
rc_2_1_off: 1, 0, 2, 2, 1, 2, 2, 3, 2, 1, 3, 1, 2, 3, 1, 3, 2, 2, 2, 2, 1, 2, 2, 2, 3, 2, 1, 3, 2, 2, 2, 2, 2, 2, 1
rc_2_2_on:  1, 0, 2, 2, 1, 2, 2, 3, 2, 1, 3, 1, 2, 3, 1, 3, 2, 2, 2, 2, 1, 2, 2, 2, 3, 2, 1, 3, 2, 1, 3, 2, 2, 1, 2
rc_2_2_off: 1, 0, 2, 2, 1, 2, 2, 3, 2, 1, 3, 1, 2, 3, 1, 3, 2, 2, 2, 2, 1, 2, 2, 2, 3, 2, 1, 3, 2, 2, 2, 2, 2, 1, 2
rc_2_3_on:  1, 0, 2, 2, 1, 2, 2, 3, 2, 1, 3, 1, 2, 3, 1, 3, 2, 2, 2, 2, 1, 2, 2, 2, 3, 2, 1, 3, 2, 1, 3, 2, 1, 3, 1
rc_2_3_off: 1, 0, 2, 2, 1, 2, 2, 3, 2, 1, 3, 1, 2, 3, 1, 3, 2, 2, 2, 2, 1, 2, 2, 2, 3, 2, 1, 3, 2, 2, 2, 2, 1, 3, 1
rc_2_0_off: 1, 0, 2, 2, 1, 2, 2, 3, 2, 1, 3, 1, 2, 3, 1, 3, 2, 2, 2, 2, 1, 2, 2, 2, 3, 2, 1, 3, 1, 3, 2, 2, 2, 2, 1

            _, _, _, _, _, _, _, E, E, E, E, E, E, E, E, E, E, E, E, E, E, E, E, E, E, E, E, _, A, B, C, D, D, D, D

E: RC address:
rc1: 

A: 1 = Single
A: 2 = All

??? Matcher ikke for All
B: 1 = ON
B: 2 = OFF

Matcher perfekt
C: 1 = ON
C: 2 = OFF

D: Channel address
221: 1   (12)
212: 2   (10)
131: 3   (6)
221: All (12)


3-tallsystem:

0:  111
1:  112
2:  113
3:  121
4:  122
5:  123
6:  131
7:  132
8:  133
9:  211
10: 212
11: 213
12: 221
13: 222
14: 223
15: 231
16: 232
17: 233
18: 311
19: 312
20: 313
21: 321
22: 322
23: 323
24: 331
25: 332
26: 333
